# Flare profile durations spend above given threshold 
# threshold,  duration [rel. time] 
0.01, 18.56136107675168 
0.014712303676878907, 16.055442307837296 
0.01942460735375781, 14.251308536632713 
0.02413691103063672, 12.84056160429204 
0.02884921470751562, 11.681999477418126 
0.03356151838439453, 10.699164839011187 
0.03827382206127344, 9.846115753604808 
0.04298612573815234, 9.093295698021688 
0.047698429415031246, 8.42084899805678 
0.052410733091910154, 7.815137149633223 
0.057123036768789055, 7.266765932126555 
0.06183534044566796, 6.769345404880887 
0.06654764412254686, 6.318578474993527 
0.07125994779942577, 5.911469578369738 
0.07597225147630467, 5.545596257559165 
0.08068455515318358, 5.218510846077483 
0.08539685883006248, 4.927385164004984 
0.09010916250694138, 4.668945786946865 
0.0948214661838203, 4.439631555528008 
0.0995337698606992, 4.235839662269367 
0.1042460735375781, 4.0541462593091895 
0.10895837721445702, 3.891448771240638 
0.11367068089133592, 3.745028379312981 
0.11838298456821482, 3.612554559910611 
0.12309528824509373, 3.4920562823728156 
0.12780759192197264, 3.381878489589422 
0.13251989559885155, 3.2806353333709337 
0.13723219927573047, 3.187166157062078 
0.14194450295260935, 3.100496764017214 
0.14665680662948827, 3.01980660000813 
0.15136911030636718, 2.9444015445700864 
0.15608141398324607, 2.8736916270024033 
0.16079371766012499, 2.807172889971622 
0.1655060213370039, 2.7444126645413243 
0.1702183250138828, 2.685037613604226 
0.1749306286907617, 2.6287240057611174 
0.17964293236764062, 2.575189780474945 
0.1843552360445195, 2.5241880509792036 
0.18906753972139842, 2.475501762564506 
0.19377984339827733, 2.4289392815338435 
0.19849214707515622, 2.384330736199217 
0.20320445075203514, 2.34152496782289 
0.20791675442891405, 2.300386978247939 
0.21262905810579294, 2.2607957837007 
0.21734136178267185, 2.22264260217996 
0.22205366545955077, 2.185829316012107 
0.22676596913642966, 2.15026716236667 
0.23147827281330857, 2.115875613433513 
0.2361905764901875, 2.082581415060526 
0.24090288016706637, 2.0503177583272825 
0.2456151838439453, 2.0190235630876745 
0.2503274875208242, 1.9886428561880412 
0.2550397911977031, 1.9591242300399023 
0.259752094874582, 1.9304203696415225 
0.2644643985514609, 1.9024876381123446 
0.26917670222833984, 1.8752857124172806 
0.2738890059052187, 1.8487772622836214 
0.2786013095820976, 1.8229276664071454 
0.2833136132589765, 1.7977047609498096 
0.28802591693585544, 1.7730786160841387 
0.29273822061273436, 1.7490213369672296 
0.29745052428961327, 1.7255068860525888 
0.30216282796649213, 1.7025109240890888 
0.30687513164337105, 1.6800106675278115 
0.31158743532024996, 1.657984760371432 
0.3162997389971289, 1.6364131587667945 
0.3210120426740078, 1.6152770268674466 
0.32572434635088665, 1.5945586426856286 
0.33043665002776557, 1.5742413128179584 
0.3351489537046445, 1.5543092950702684 
0.3398612573815234, 1.5347477281283863 
0.3445735610584023, 1.515542567526194 
0.3492858647352812, 1.4966805272525951 
0.3539981684121601, 1.4781490264171686 
0.358710472089039, 1.459936140462133 
0.3634227757659179, 1.4420305564672193 
0.36813507944279683, 1.42442153214547 
0.37284738311967575, 1.407098858172895 
0.37755968679655466, 1.3900528235342202 
0.3822719904734335, 1.3732741836014402 
0.38698429415031244, 1.3567541306921853 
0.39169659782719135, 1.340484266881588 
0.39640890150407027, 1.3244565788648526 
0.4011212051809492, 1.3086634146885412 
0.4058335088578281, 1.2930974621869717 
0.41054581253470696, 1.2777517289764648 
0.41525811621158587, 1.2626195238746534 
0.4199704198884648, 1.247694439624977 
0.4246827235653437, 1.2329703368179687 
0.4293950272422226, 1.2184413289111886 
0.43410733091910153, 1.2041017682588355 
0.4388196345959804, 1.1899462330702553 
0.4435319382728593, 1.1759695152239262 
0.4482442419497382, 1.1621666088700857 
0.45295654562661714, 1.1485326997611023 
0.45766884930349605, 1.135063155254018 
0.46238115298037497, 1.1217535149344937 
0.4670934566572538, 1.1085994818157237 
0.47180576033413274, 1.0955969140697817 
0.47651806401101166, 1.0827418172524124 
0.48123036768789057, 1.0700303369854456 
0.4859426713647695, 1.057458752063924 
0.49065497504164834, 1.0450234679576282 
0.49536727871852726, 1.032721010679054 
0.5000795823954062, 1.0205480209920386 
0.5047918860722851, 1.0085012489371554 
0.509504189749164, 0.9965775486517559 
0.5142164934260429, 0.9847738734641095 
0.5189287971029218, 0.9730872712425085 
0.5236411007798007, 0.9615148799814885 
0.5283534044566797, 0.9500539236084498 
0.5330657081335585, 0.9387017079949842 
0.5377780118104374, 0.9274556171581183 
0.5424903154873163, 0.9163131096374721 
0.5472026191641952, 0.9052717150350271 
0.5519149228410741, 0.8943290307047951 
0.556627226517953, 0.8834827185801932 
0.561339530194832, 0.8727305021273456 
0.5660518338717109, 0.8620701634128973 
0.5707641375485898, 0.8514995402751842 
0.5754764412254687, 0.8410165235878335 
0.5801887449023476, 0.8306190546049983 
0.5849010485792265, 0.8203051223775466 
0.5896133522561053, 0.8100727612295495 
0.5943256559329843, 0.7999200482844419 
0.5990379596098632, 0.7898451010301717 
0.6037502632867421, 0.7798460749126175 
0.608462566963621, 0.7699211609464458 
0.6131748706404999, 0.760068583332503 
0.6178871743173788, 0.750286597070703 
0.6225994779942577, 0.7405734855572724 
0.6273117816711367, 0.7309275581550928 
0.6320240853480156, 0.7213471477257611 
0.6367363890248945, 0.7118306081118961 
0.6414486927017733, 0.7023763115581062 
0.6461609963786522, 0.6929826460589503 
0.6508733000555311, 0.6836480126221285 
0.65558560373241, 0.6743708224350435 
0.660297907409289, 0.6651494939227703 
0.6650102110861679, 0.6559824496853296 
0.6697225147630468, 0.6468681133019891 
0.6744348184399257, 0.6378049059900726 
0.6791471221168046, 0.6287912431054138 
0.6838594257936835, 0.6198255304711513 
0.6885717294705624, 0.6109061605209202 
0.6932840331474414, 0.6020315082417036 
0.6979963368243202, 0.5931999269005039 
0.7027086405011991, 0.584409743537636 
0.707420944178078, 0.5756592542076614 
0.7121332478549569, 0.5669467189467955 
0.7168455515318358, 0.5582703564428518 
0.7215578552087147, 0.5496283383804313 
0.7262701588855937, 0.5410187834299343 
0.7309824625624726, 0.5324397508439928 
0.7356947662393515, 0.5238892336189048 
0.7404070699162304, 0.5153651511714649 
0.7451193735931093, 0.5068653414729709 
0.7498316772699882, 0.4983875525719451 
0.754543980946867, 0.489929433424903 
0.759256284623746, 0.48148852393998864 
0.7639685883006249, 0.47306224412101927 
0.7686808919775038, 0.4646478821788657 
0.7733931956543827, 0.45624258145246877 
0.7781054993312616, 0.4478433259522635 
0.7828178030081405, 0.4394469243032245 
0.7875301066850194, 0.4310499918217684 
0.7922424103618984, 0.4226489304085097 
0.7969547140387773, 0.41423990587504156 
0.8016670177156562, 0.4058188222444127 
0.806379321392535, 0.3973812924678948 
0.8110916250694139, 0.3889226048796198 
0.8158039287462928, 0.3804376845588662 
0.8205162324231717, 0.37192104857776204 
0.8252285361000506, 0.36336675386744044 
0.8299408397769296, 0.354768336120978 
0.8346531434538085, 0.346118737743181 
0.8393654471306874, 0.3374102223224081 
0.8440777508075663, 0.3286342723916941 
0.8487900544844452, 0.3197814662989778 
0.8535023581613241, 0.31084132872302894 
0.858214661838203, 0.3018021476110797 
0.8629269655150819, 0.2926507478644575 
0.8676392691919608, 0.28337220863717116 
0.8723515728688397, 0.27394950613851504 
0.8770638765457186, 0.2643630565490397 
0.8817761802225975, 0.25459012277641546 
0.8864884838994764, 0.2446040321331906 
0.8912007875763553, 0.2343731258925823 
0.8959130912532343, 0.22385931944637744 
0.9006253949301132, 0.21301608118626375 
0.9053376986069921, 0.2017855155194772 
0.910050002283871, 0.19009401223108663 
0.9147623059607499, 0.177845495902692 
0.9194746096376287, 0.16491043093105562 
0.9241869133145076, 0.15110678649817194 
0.9288992169913866, 0.13616435961745754 
0.9336115206682655, 0.11965027414649529 
0.9383238243451444, 0.10078685526335299 
0.9430361280220233, 0.07787517736023303 
0.9477484316989022, 0.045103121409930266 
0.950123741051531, 0.0 
